MAE: 25.25
RMSE: 33.32604086896612
MAPE: 17.757936507936506
